2675402 5983111
2675381 5983105
2675377 5983090
2675369 5983084
2675358 5983076
2675345 5983071
2675338 5983061
2675336 5983046
2675324 5983040
2675324 5983027
2675323 5983010
2675314 5982999
2675309 5982986
2675299 5982976
2675299 5982965
2675285 5982955
2675276 5982947
2675270 5982931
2675265 5982922
2675264 5982905
2675253 5982902
2675252 5982899
2675247 5982893
2675243 5982885
2675236 5982883
2675231 5982875
2675224 5982872
2675220 5982866
2675213 5982861
2675207 5982856
2675201 5982850
2675196 5982844
2675189 5982840
2675182 5982836
2675176 5982828
2675170 5982824
2675162 5982824
2675153 5982824
2675144 5982825
2675137 5982826
2675129 5982829
2675121 5982830
2675112 5982830
2675104 5982830
2675098 5982836
2675090 5982843
2675090 5982847
2675093 5982854
2675093 5982863
2675091 5982870
2675084 5982867
2675083 5982859
2675074 5982859
2675069 5982852
2675063 5982846
2675055 5982846
2675047 5982842
2675041 5982838
2675033 5982838
2675026 5982833
2675018 5982832
2675011 5982829
2675004 5982825
2674995 5982826
2674988 5982826
2674980 5982826
2674972 5982826
2674964 5982829
2674954 5982837
2674948 5982841
2674945 5982848
2674939 5982855
2674931 5982856
2674922 5982857
2674915 5982857
2674907 5982856
2674898 5982856
2674889 5982856
2674881 5982854
2674873 5982851
2674864 5982852
2674858 5982846
2674850 5982844
2674842 5982844
2674833 5982844
2674825 5982841
2674817 5982839
2674809 5982837
2674801 5982835
2674794 5982829
2674789 5982823
2674781 5982822
2674778 5982814
2674771 5982811
2674766 5982806
2674759 5982801
2674750 5982792
2674748 5982785
2674743 5982779
2674737 5982773
2674731 5982767
2674726 5982761
2674723 5982753
2674720 5982745
2674714 5982742
2674710 5982734
2674706 5982727
2674703 5982719
2674701 5982711
2674699 5982704
2674698 5982696
2674698 5982687
2674696 5982674
2674696 5982672
2674697 5982664
2674702 5982658
2674696 5982652
2674697 5982644
2674695 5982636
2674692 5982628
2674692 5982620
2674691 5982613
2674690 5982605
2674690 5982596
2674689 5982589
2674681 5982581
2674680 5982577
2674681 5982568
2674687 5982561
2674691 5982555
2674696 5982547
2674700 5982540
2674705 5982533
2674712 5982528
2674716 5982521
2674722 5982514
2674727 5982507
2674731 5982500
2674735 5982493
2674738 5982485
2674741 5982479
2674744 5982472
2674743 5982465
2674744 5982457
2674744 5982450
2674745 5982444
2674746 5982436
2674748 5982430
2674750 5982420
2674751 5982414
2674752 5982409
2674753 5982401
2674756 5982395
2674757 5982389
2674760 5982382
2674762 5982376
2674765 5982369
2674766 5982362
2674749 5982369
2674746 5982376
2674744 5982383
2674740 5982389
2674735 5982395
2674730 5982400
2674725 5982407
2674725 5982414
2674721 5982419
2674716 5982426
2674712 5982432
2674707 5982440
2674706 5982447
2674701 5982452
2674700 5982459
2674699 5982466
2674700 5982473
2674703 5982479
2674703 5982487
2674699 5982494
2674693 5982500
2674687 5982507
2674683 5982515
2674676 5982521
2674671 5982526
2674663 5982532
2674657 5982534
2674649 5982541
2674642 5982547
2674633 5982552
2674625 5982552
2674615 5982552
2674607 5982552
2674597 5982553
2674591 5982548
2674585 5982545
2674563 5982536
2674547 5982536
2674532 5982536
2674518 5982537
2674504 5982535
2674498 5982523
2674497 5982510
2674493 5982497
2674486 5982485
2674486 5982471
2674485 5982455
2674485 5982441
2674487 5982427
2674486 5982411
2674481 5982398
2674471 5982386
2674470 5982373
2674465 5982358
2674456 5982346
2674456 5982330
2674445 5982319
2674434 5982312
2674432 5982298
2674426 5982287
2674416 5982278
2674405 5982269
2674402 5982269
