# Detector locations exported from 'temppoly' 
# Wed Feb 16 6:01:48 p.m. 2011 
# polyID  x  y 
1 -330 254.18
1 -291.15 328
1 -179.63 351.56
1 -64.97 324.86
1 2.58 276.17
1 38.7 214.91
1 49.7 155.22
1 4.15 90.82
1 -36.69 67.26
1 -72.82 24.85
1 -113.66 2.86
1 -167.06 4.43
1 -234.61 20.14
1 -273.87 56.26
1 -328.85 104.96
1 -330.42 152.08
1 -335.13 188.21
1 -330 254.18
2 -258.89 -253.63
2 -222.58 -177.06
2 -160.06 -124.05
2 -20.89 -37.66
2 106.17 3.57
2 160.63 62.48
2 188.86 109.6
2 221.13 170.46
2 245.33 190.1
2 317.94 215.62
2 420 174.39
2 430.89 25.17
2 436.94 -92.63
2 424.84 -220.26
2 334.08 -298.79
2 152.56 -351.81
2 -101.57 -351.81
2 -244.77 -340.03
2 -258.89 -253.63
