1   1 2 365 605 2
1   6 1 605 605 2
1   6 3 605 635 2
1   6 4 635 635 1
1   6 5 605 575 1
1   7 1 635 455 2
1   7 2 575 545 1
1   7 3 575 545 1
1   7 4 605 485 1
1   7 5 605 545 1
1  20 1 545 515 1
1  20 2 455 485 1
1  20 4 515 485 1
1  20 5 485 515 1
1  24 3 455 575 1
1  24 4 455 605 1
1  24 5 455 635 1
1  31 2 365 485 1
1  31 3 365 485 1
1  31 4 425 515 1
1  47 3 365 575 1
1  47 4 365 605 1
1  47 5 365 575 1
1  62 1 575 605 1
1  66 1 635 365 1
1  66 3 635 395 1
1  66 4 605 395 1
1  80 2 395 365 1
1  91 1 365 485 1
1  91 2 365 545 1
1  91 5 425 545 1
1 102 4 365 365 1
1 102 5 365 365 1
1 104 1 575 635 1
1 104 2 575 605 1
1 104 3 605 575 1
1 104 4 545 605 1
1 104 5 575 635 1
1 114 2 605 515 1
1 114 3 605 425 1
1 114 4 605 515 1
1 114 5 605 455 1
1 119 1 515 545 1
1 119 2 485 515 1
1 119 3 515 485 1
1 119 4 515 545 1
1 119 5 455 515 1
1 124 2 365 365 1
1 128 1 605 635 1
1 128 2 545 605 1
1 128 3 515 605 1
1 128 4 575 605 1
1 128 5 575 605 1
1 133 3 575 365 1
1 138 1 515 635 1
1 138 2 575 635 1
1 138 3 515 635 1
1 149 2 365 635 1
1 156 1 605 455 1
1 167 4 455 635 1
1 168 1 605 485 1
1 168 2 605 455 1
1 170 1 485 575 1
1 170 2 515 605 1
1 170 4 545 575 1
1 178 1 395 395 1
1 178 2 425 365 1
1 181 4 485 605 1
1 181 5 485 605 1
1 183 1 395 365 1
1 185 1 455 425 1
1 185 2 515 425 1
1 185 3 455 425 1
1 185 4 515 365 1
1 185 5 515 455 1
1 192 1 365 365 1
1 201 5 365 635 1
1 210 1 635 425 1
1 210 2 605 425 1
1 210 3 575 425 1
1 210 5 635 395 1
1 223 1 395 515 1
1 223 3 365 545 1
1 223 4 365 485 1
1 230 1 455 395 1
1 230 2 455 395 1
1 230 5 425 425 1
1 233 5 395 635 1
1 241 1 545 395 1
1 241 3 545 395 1
1 241 4 545 365 1
1 241 5 455 365 1
1 245 1 455 485 1
1 245 3 515 455 1
1 245 4 485 455 1
1 245 5 485 485 1
1 251 1 605 545 1
1 251 3 635 605 1
1 251 4 605 545 1
1 251 5 635 575 1
1 252 2 605 575 1
1 252 3 605 605 1
1 252 4 635 575 1
1 254 1 545 425 1
1 254 3 455 485 1
1 254 4 455 485 1
1 254 5 485 455 1
1 260 1 545 455 1
1 260 2 515 365 1
1 260 3 545 425 1
1 260 4 545 455 1
1 260 5 515 425 1
1 270 1 365 545 1
1 270 2 365 515 1
1 270 4 395 485 1
1 277 3 365 395 1
1 277 4 365 425 1
1 278 1 515 395 1
1 278 2 485 365 1
1 278 3 485 365 1
1 278 4 485 365 1
1 278 5 485 425 1
1 282 1 485 605 1
1 282 2 485 605 1
1 282 3 515 545 1
1 282 4 485 575 1
1 282 5 485 575 1
1 289 1 635 605 1
1 289 2 635 635 1
1 304 1 635 635 1
1 304 2 635 605 1
1 304 4 635 605 1
1 304 5 605 635 1
1 315 4 365 545 1
1 319 1 485 395 1
1 319 2 455 425 1
1 319 3 455 365 1
1 319 4 485 425 1
1 319 5 395 395 1
1 320 2 545 365 1
1 320 3 575 395 1
1 320 4 545 425 1
1 320 5 515 395 1
1 325 2 365 425 1
1 325 4 395 365 1
1 325 5 395 365 1
1 327 1 425 425 1
1 327 2 485 455 1
1 327 3 425 455 1
1 327 4 455 395 1
1 327 5 425 485 1
1 340 1 545 575 1
1 340 2 575 515 1
1 340 3 545 545 1
1 340 5 545 575 1
1 341 2 605 395 1
1 354 1 425 515 1
1 354 2 395 515 1
1 354 3 365 515 1
1 354 4 365 515 1
1 354 5 365 515 1
1 366 2 545 575 1
1 366 3 515 575 1
1 366 4 515 605 1
1 366 5 605 605 1
1 383 2 575 455 1
1 383 3 515 425 1
1 383 4 575 425 1
1 383 5 545 455 1
1 384 2 605 365 1
1 384 3 605 365 1
1 384 4 605 365 1
1 384 5 635 425 1
1 405 3 635 365 1
1 409 1 365 605 1
1 409 3 365 635 1
1 409 5 365 605 1
1 419 1 545 635 1
1 419 2 545 635 1
1 419 3 545 635 1
1 419 4 545 635 1
1 419 5 545 605 1
1 425 3 635 425 1
1 430 1 575 425 1
1 430 3 605 455 1
1 430 4 635 455 1
1 430 5 605 425 1
1 433 1 515 485 1
1 433 2 545 455 1
1 433 5 575 425 1
1 434 1 515 515 1
1 434 2 515 575 1
1 434 3 575 605 1
1 434 5 455 575 1
1 437 1 485 635 1
1 437 3 455 635 1
1 441 1 635 485 1
1 441 3 605 485 1
1 441 5 605 515 1
1 445 1 455 455 1
1 445 2 425 455 1
1 445 3 455 515 1
1 445 4 395 455 1
1 445 5 365 485 1
1 450 1 635 515 1
1 450 2 635 515 1
1 450 3 605 515 1
1 450 4 635 545 1
1 450 5 575 575 1
1 460 1 365 395 1
1 460 2 365 455 1
1 460 3 395 395 1
1 460 4 395 395 1
1 460 5 365 395 1
1 463 1 575 365 1
1 463 2 575 365 1
1 463 3 515 365 1
1 463 4 575 395 1
1 466 1 485 515 1
1 466 5 515 545 1
1 470 1 485 545 1
1 470 2 425 515 1
1 470 3 455 545 1
1 470 4 485 545 1
1 470 5 425 515 1
1 475 4 635 485 1
1 475 5 635 455 1
1 477 2 635 575 1
1 477 3 635 575 1
1 484 4 605 635 1
1 496 1 425 545 1
1 496 2 455 575 1
1 496 3 425 575 1
1 496 4 455 515 1
1 496 5 395 515 1
