# Capture histories exported from 'signalCH' 
# Sat Sep 05 9:30:25 a.m. 2020 
# Session ID Occasion Detector Signal 
1 1055A 1 1 51.0051
1 1055A 1 2 63.751
1 1055A 1 3 68.5872
1 1055A 1 4 70.2952
1 1055B 1 1 57.0031
1 1055B 1 2 49.0318
1 1055B 1 3 75.999
1 1055B 1 4 48.1873
1 1055D 1 1 66.9782
1 1055D 1 2 64.9731
1 1055D 1 3 51.9873
1 1055D 1 4 52.4315
1 1155A 1 1 66.3306
1 1155A 1 2 66.0712
1 1155A 1 3 48.2019
1 1155A 1 4 48.0969
1 1155B 1 1 49.9922
1 1155B 1 2 53.3386
1 1155B 1 3 61.2715
1 1155B 1 4 65.2223
1 1250A 1 1 45.9613
1 1250A 1 2 50.4822
1 1250A 1 3 64.2158
1 1250A 1 4 57.097
1 1250B 1 1 56.8067
1 1250B 1 2 43.9114
1 1250B 1 3 51.3491
1 1250B 1 4 56.3545
1 1250C 1 1 66.545
1 1250C 1 2 52.3097
1 1250C 1 3 55.1496
1 1250C 1 4 50.4776
1 1255A 1 1 61.9277
1 1255A 1 2 60.8467
1 1255A 1 3 50.4156
1 1255A 1 4 59.5396
1 1255B 1 1 54.9692
1 1255B 1 2 55.392
1 1255B 1 3 53.0831
1 1255B 1 4 58.6703
1 1350B 1 1 47.7383
1 1350B 1 2 61.229
1 1350B 1 3 39.5977
1 1350B 1 4 54.7886
1 1355C 1 1 51.7299
1 1355C 1 2 50.0768
1 1355C 1 3 49.8051
1 1355C 1 4 53.7534
1 1450A 1 1 55.4588
1 1450A 1 2 51.911
1 1450A 1 3 49.269
1 1450A 1 4 49.1757
1 1450B 1 1 63.0387
1 1450B 1 2 56.3676
1 1450B 1 3 50.7149
1 1450B 1 4 74.8075
1 1455A 1 1 55.8599
1 1455A 1 2 46.3146
1 1455A 1 3 53.5347
1 1455A 1 4 57.9301
1 1550A 1 1 52.8918
1 1550A 1 2 51.7442
1 1550A 1 3 65.1621
1 1550A 1 4 54.0116
1 1555A 1 1 54.0458
1 1555A 1 2 61.415
1 1555A 1 3 61.1034
1 1555A 1 4 51.9665
1 1555B 1 1 47.1184
1 1555B 1 2 45.6165
1 1555B 1 3 51.6899
1 1555B 1 4 60.3246
1 1650A 1 1 50.5966
1 1650A 1 2 66.4122
1 1650A 1 3 52.178
1 1650A 1 4 52.1908
1 1650B 1 1 47.658
1 1650B 1 2 57.0729
1 1650B 1 3 66.39
1 1650B 1 4 63.5611
1 2005A 1 1 53.622
1 2005A 1 2 46.3473
1 2005A 1 3 70.2859
1 2005A 1 4 44.2927
1 2005B 1 1 66.1747
1 2005B 1 2 63.4719
1 2005B 1 3 56.8886
1 2005B 1 4 50.8097
1 2105A 1 1 60.4236
1 2105A 1 2 60.1654
1 2105A 1 3 42.8794
1 2105A 1 4 48.9509
1 2205A 1 1 51.4887
1 2205A 1 2 56.3831
1 2205A 1 3 60.9278
1 2205A 1 4 68.3545
1 2305A 1 1 52.203
1 2305A 1 2 54.5554
1 2305A 1 3 51.7638
1 2305A 1 4 54.0768
1 2355A 1 1 58.3356
1 2355A 1 2 41.9879
1 2355A 1 3 48.5386
1 2355A 1 4 51.0383
1 2405B 1 1 60.5431
1 2405B 1 2 51.8701
1 2405B 1 3 52.8622
1 2405B 1 4 50.9509
1 2455A 1 1 61.1491
1 2455A 1 2 59.1312
1 2455A 1 3 50.9701
1 2455A 1 4 53.1506
1 2505A 1 1 51.7509
1 2505A 1 2 55.7042
1 2505A 1 3 53.7335
1 2505A 1 4 56.3707
1 2505B 1 1 49.2229
1 2505B 1 2 70.5978
1 2505B 1 3 45.1601
1 2505B 1 4 59.2895
1 2505C 1 1 51.822
1 2505C 1 2 44.5765
1 2505C 1 3 52.2394
1 2505C 1 4 57.5426
1 2550B 1 1 57.1361
1 2550B 1 2 52.1222
1 2550B 1 3 50.9453
1 2550B 1 4 49.2185
1 2555B 1 1 58.9935
1 2555B 1 2 56.1522
1 2555B 1 3 53.5396
1 2555B 1 4 72.9425
1 2650A 1 1 54.7286
1 2650A 1 2 52.3252
1 2650A 1 3 54.7276
1 2650A 1 4 53.0107
1 2655A 1 1 57.613
1 2655A 1 2 53.1655
1 2655A 1 3 61.068
1 2655A 1 4 61.4414
1 2655B 1 1 54.7442
1 2655B 1 2 68.2308
1 2655B 1 3 61.6923
1 2655B 1 4 45.4541
1 2750A 1 1 49.3678
1 2750A 1 2 48.7604
1 2750A 1 3 55.0105
1 2750A 1 4 55.9946
1 3100A 1 1 44.1355
1 3100A 1 2 69.2629
1 3100A 1 3 50.4176
1 3100A 1 4 50.149
1 3100B 1 1 45.8613
1 3100B 1 2 56.2655
1 3100B 1 3 74.3953
1 3100B 1 4 67.6761
1 3150A 1 1 52.4707
1 3150A 1 2 46.9021
1 3150A 1 3 67.2819
1 3150A 1 4 44.3765
1 3200A 1 1 60.3607
1 3200A 1 2 57.6194
1 3200A 1 3 53.2356
1 3200A 1 4 52.466
1 3200B 1 1 57.8734
1 3200B 1 2 58.0767
1 3200B 1 3 50.3138
1 3200B 1 4 48.6828
1 3300A 1 1 50.7622
1 3300A 1 2 60.4503
1 3300A 1 3 54.6794
1 3300A 1 4 63.2572
1 3500A 1 1 56.571
1 3500A 1 2 52.0409
1 3500A 1 3 56.6653
1 3500A 1 4 52.3815
1 3500B 1 1 65.8088
1 3500B 1 2 41.8555
1 3500B 1 3 42.9927
1 3500B 1 4 56.1707
1 3505B 1 1 58.2426
1 3505B 1 2 52.9917
1 3505B 1 3 48.3366
1 3505B 1 4 45.3708
1 3600A 1 1 56.1819
1 3600A 1 2 58.6554
1 3600A 1 3 57.4659
1 3600A 1 4 57.1426
1 3700A 1 1 54.2192
1 3700A 1 2 61.8151
1 3700A 1 3 52.0409
1 3700A 1 4 54.3811
1 3705A 1 1 46.903
1 3705A 1 2 71.4924
1 3705A 1 3 46.3078
1 3705A 1 4 61.0815
1 2100AX 1 1 52.5917
1 2100AX 1 2 48.1534
1 2100AX 1 3 56.3574
1 2100AX 1 4 60.7221
1 2100CX 1 1 53.6691
1 2100CX 1 2 48.1575
1 2100CX 1 3 50.7422
1 2100CX 1 4 45.3656
1 2155AX 1 1 56.834
1 2155AX 1 2 48.8884
1 2155AX 1 3 51.3015
1 2155AX 1 4 64.3215
1 2300AX 1 1 53.0934
1 2300AX 1 2 46.9001
1 2300AX 1 3 51.1691
1 2300AX 1 4 50.4922
1 2350BX 1 1 53.436
1 2350BX 1 2 54.4278
1 2350BX 1 3 65.4906
1 2350BX 1 4 63.0203
1 2350CX 1 1 54.5802
1 2350CX 1 2 70.3876
1 2350CX 1 3 65.8913
1 2350CX 1 4 47.3449
1 2350DX 1 1 45.1418
1 2350DX 1 2 55.3984
1 2350DX 1 3 58.0073
1 2350DX 1 4 55.5989
1 2400BX 1 1 50.1241
1 2400BX 1 2 61.6349
1 2400BX 1 3 56.216
1 2400BX 1 4 54.4217
1 2500AX 1 1 50.7873
1 2500AX 1 2 64.3646
1 2500AX 1 3 74.0975
1 2500AX 1 4 71.5939
1 2500BX 1 1 55.0318
1 2500BX 1 2 54.1745
1 2500BX 1 3 80.399
1 2500BX 1 4 53.9703
1 2500DX 1 1 60.3819
1 2500DX 1 2 58.445
1 2500DX 1 3 52.4386
1 2500DX 1 4 51.9054
1 2600AX 1 1 61.7017
1 2600AX 1 2 61.5164
1 2600AX 1 3 51.8894
1 2600AX 1 4 46.1114
1 2600BX 1 1 50.9034
1 2600BX 1 2 53.5707
1 2600BX 1 3 53.9879
1 2600BX 1 4 59.2577
1 2605AX 1 1 51.7383
1 2605AX 1 2 50.303
1 2605AX 1 3 55.3923
1 2605AX 1 4 47.6604
1 2700AX 1 1 60.0712
1 2700AX 1 2 46.3278
1 2700AX 1 3 48.1437
1 2700AX 1 4 57.1886
1 2705AX 1 1 64.4338
1 2705AX 1 2 59.6151
1 2705AX 1 3 50.3577
1 2705AX 1 4 49.1059
1 3005AX 1 1 58.2078
1 3005AX 1 2 64.4017
1 3005AX 1 3 54.5549
1 3005AX 1 4 59.0301
1 3155AX 1 1 59.1256
1 3155AX 1 2 62.9842
1 3155AX 1 3 51.0534
1 3155AX 1 4 55.0088
1 3155BX 1 1 47.5297
1 3155BX 1 2 66.2564
1 3155BX 1 3 38.4224
1 3155BX 1 4 60.7766
1 3255AX 1 1 57.3462
1 3255AX 1 2 50.2082
1 3255AX 1 3 56.7062
1 3255AX 1 4 57.3734
1 3355AX 1 1 49.1158
1 3355AX 1 2 50.3927
1 3355AX 1 3 52.5943
1 3355AX 1 4 44.7143
1 3405AX 1 1 58.787
1 3405AX 1 2 53.204
1 3405AX 1 3 50.7008
1 3405AX 1 4 66.2546
1 3550BX 1 1 52.0472
1 3550BX 1 2 44.994
1 3550BX 1 3 54.6271
1 3550BX 1 4 54.5532
1 3555AX 1 1 49.4483
1 3555AX 1 2 53.4181
1 3555AX 1 3 64.8375
1 3555AX 1 4 56.4336
1 3655AX 1 1 51.3537
1 3655AX 1 2 62.6611
1 3655AX 1 3 62.924
1 3655AX 1 4 46.1412
1 3655BX 1 1 40.7937
1 3655BX 1 2 51.6307
1 3655BX 1 3 50.4922
1 3655BX 1 4 57.4164
1 3755AX 1 1 53.2171
1 3755AX 1 2 57.4269
1 3755AX 1 3 51.2703
1 3755AX 1 4 52.0759
